Anime
1 3 5 3 5 6 10 10 12 12 12 12 12 12 12 12 12 12 12 12 13 13 13 13 23 23 24 13 24 25 51 148 12 12 13

Manga
1 2 3 5 5 5 6 10 10 11 12 12 12 13 14 14 14 18 18 19 19 21 21 21 21 22 22 23 24 27 28 31 31 33 34 39 43 44 46 47 47 48 48 51 51 52 54 58 58 60 60 61 62 62 63 65 67 69 69 73 73 76 81 85 89 91 92 104 110 111 121 123 124 128 138 150 152 168 172 199 221 435 738 38

Books
15 21 16 2 7 15 10 111 13 5 49 10 26 100 27 23 16 38 22 19 36 24 40 25 24 15 21 11 18 28 38 853 206 284 11 6 55 22 6 103 19 11 9 30 9 34 12 78 22 269 462 15 24 32 5 19 26 30 14 6 20 533 11 7 2 1 10 5 16 8 14 42 26 55 43 13 21

Videos
20 42 55 10 123 75 26 483 108 45 20 36 37 29 7 15 13 215 716 117 9 4 1 49 49 11 7 15 11 6 31 21 9 17 17 9 14 43 15 19 13 189 152 116 71 72 95 54 19 50 6 100 16 7 18 45 8 13 11 8 17 12 14 1 1 17 33 47 15 13 11 4 21 23 1 8 4 51 22 1 4 10 15 8 2 23 4 2 20 20 31 39 8 6 25 1 25 1 10 9 1 1 1 1 9 2 71 1 0 7 7 192 13 14 2 14 18 13 360 4 8 13 0 18 3 715 6 25 4 2 9 15 15 44 6 0 76 7 14 2 0 1 1 3 17 10 21 26 24 81 22 14 0 2236 28 13 1 1 2 3 16 0 8 1 87 7 1 37 839 31 1 54
